5       25
1615	1845	1781	1975	1753
225     60
50      250     140
1	37	52	0	7
2	49	49	0	30
3	52	64	0	16
4	20	26	0	9
5	40	30	0	21
6	21	47	0	15
7	17	63	0	19
8	31	62	0	23
9	52	33	0	11
10	51	21	0	5
11	42	41	0	19
12	31	32	0	29
13	5	25	0	23
14	12	42	0	21
15	36	16	0	10
16	52	41	0	15
17	27	23	0	3
18	17	33	0	41
19	13	13	0	9
20	57	58	0	28
21	62	42	0	8
22	42	57	0	8
23	16	57	0	16
24	8	52	0	10
25	7	38	0	28
26      15	40      0       0
27      45	40      0       0  
28      20	20      0       0
29      30	40      0       0 
30      55	50      0       0 
