5	40			
1615	1845	1781	1975	1753
225	60			
50      250     140
1	31	52	0	27
2	35	69	0	23
3	53	52	0	11
4	65	55	0	14
5	63	65	0	8
6	2	60	0	5
7	20	20	0	8
8	5	5	0	16
9	60	12	0	31
10	40	25	0	9
11	42	7	0	5
12	24	12	0	5
13	23	3	0	7
14	11	14	0	18
15	6	38	0	16
16	2	48	0	1
17	8	56	0	27
18	13	52	0	36
19	6	68	0	30
20	47	47	0	13
21	49	58	0	10
22	27	43	0	9
23	37	31	0	14
24	57	29	0	18
25	63	23	0	2
26	53	12	0	6
27	32	12	0	7
28	36	26	0	18
29	21	24	0	28
30	17	34	0	3
31	12	24	0	13
32	24	58	0	19
33	27	69	0	10
34	15	77	0	9
35	62	77	0	20
36	49	73	0	25
37	67	5	0	25
38	56	39	0	36
39	37	47	0	6
40	37	56	0	5
41      15	35	0	0
42      55	35	0	0
43      35	20	0	0
44      35	50	0	0
45      25	45	0	0
