9 27
191.137764 191.137764 191.137764 191.137764 191.137764 191.137764 191.137764 191.137764 191.137764
19.113776000000001 50
72.5 101 152.41995827090722
1 95.60342718892494 94.782748705934935 0 6
2 9.1584787405073591 36.10574739836072 0 10
3 73.596998906852335 66.973040144022093 0 14
4 25.158329759496567 21.22188106686006 0 6
5 58.120401711200309 15.838287025480557 0 18
6 63.847133810469373 80.36694431529348 0 21
7 94.939547309324354 54.417704742932081 0 19
8 50.20672922450359 90.120779749694705 0 5
9 36.401442784736936 93.184655396986841 0 17
10 42.361096957169067 88.406456653589586 0 10
11 56.051036102649888 23.612340711506207 0 5
12 17.671998087423233 17.35887537650569 0 21
13 51.022384583720118 99.868356819255197 0 26
14 55.989031629147746 99.517767052033193 0 19
15 79.675992142163949 73.440169189397778 0 29
16 36.425552360525451 59.348555917879175 0 16
17 98.097657307212657 96.190093789822569 0 10
18 95.493311996761008 39.986349430047639 0 28
19 46.140669774197761 53.035571612344498 0 20
20 27.910224292302178 49.806543067724299 0 21
21 83.15244897918123 35.392420486871586 0 19
22 89.970058875662573 46.101216488163764 0 23
23 72.588520437725208 55.758285316655744 0 19
24 48.660855486158503 22.181101099101085 0 15
25 81.468365862646422 83.50263995384401 0 24
26 26.813751289981635 91.137783586804673 0 14
27 30.329674450577571 79.925887812827384 0 21
28 56.218870369902064 50.735669323365684 0 0
29 61.580821564752384 40.667052799347282 0 0
30 73.092987543209247 48.890645438351967 0 0
31 36.659824799116215 68.423182236600724 0 0
32 88.206954356562619 78.427985176742069 0 0
33 34.145892207286721 0.84218226943434393 0 0
34 81.505948447736145 99.706859696494575 0 0
35 10.615692331462267 57.441495845399736 0 0
36 4.8910128124801222 59.170031716388849 0 0
