6 20
226.21876700000001 226.21876700000001 226.21876700000001 226.21876700000001 226.21876700000001 226.21876700000001
22.621877000000001 50
75 135 205.55931560029035
1 13.436424411240122 84.743373693723271 0 29
2 6.310682188770933 11.791870367106105 0 29
3 44.949106478873816 65.159297272276291 0 30
4 20.995480637147711 48.785665652414757 0 17
5 43.276706790505337 76.2280082457942 0 5
6 69.583286676844352 26.633056045725954 0 30
7 22.876222127045263 94.527069555392231 0 15
8 3.0589983033553536 2.54458609934608 0 22
9 0.92049385543849782 88.123385892215538 0 26
10 21.659939713061338 42.211657558271732 0 5
11 52.762941436239821 76.370099513148944 0 20
12 55.285957629296512 34.570041470875246 0 26
13 21.87810373376886 45.960346573773357 0 14
14 92.650662378586603 41.617993889434615 0 22
15 92.21885624698875 10.00002710961272 0 25
16 99.254341217606509 85.994652879528985 0 8
17 74.314666042249783 89.557539464149173 0 27
18 50.079970014423559 96.721027360936247 0 21
19 83.0035693274327 67.030556641407102 0 14
20 28.415936669394814 97.345140488802642 0 20
21 84.619741842831274 50.528382057960044 0 0
22 58.900225798255171 3.4525830151341586 0 0
23 24.273997354306765 79.740424755430283 0 0
24 41.431399930077426 17.300740157905093 0 0
25 54.879876138815298 70.304076206563153 0 0
26 67.448583050232727 37.47030205016403 0 0
