6 19
401.24757199999999 401.24757199999999 401.24757199999999 401.24757199999999 401.24757199999999 401.24757199999999
40.124757000000002 50
72.5 116 407.70569621021855
1 23.796462709189136 54.422922529595184 0 16
2 91.594481173098103 47.405353654712655 0 23
3 6.5528859239813109 1.3167991554874137 0 20
4 25.935401432800763 23.433096104669637 0 27
5 47.026350752244795 83.646145127438871 0 20
6 39.713457702896093 86.10221084253223 0 12
7 63.486065828518846 86.804530714329672 0 21
8 38.99367208872129 1.5146737332727533 0 29
9 6.4031438226997306 75.823024628681736 0 23
10 4.2789029339459939 78.007648908355648 0 13
11 47.274908866546681 71.882392406580308 0 17
12 71.412948361120257 92.109866758387454 0 17
13 72.812597305259672 57.690966460571467 0 9
14 87.886666033804161 9.7454309730877213 0 9
15 49.488341224928902 25.798122559100488 0 26
16 43.616186662742926 62.664829086680399 0 14
17 42.114851256640982 83.347711999614731 0 23
18 35.091048877018004 58.507410740536351 0 23
19 23.238647657783151 33.676501126574074 0 5
20 85.640056639675564 99.098964486881513 0 0
21 67.127354216251817 16.309962197106977 0 0
22 86.063753311626826 96.463294730906142 0 0
23 90.469598451223661 56.910750347432348 0 0
24 71.381702017419926 21.11249836755983 0 0
25 83.160793027335416 57.353235235128473 0 0
