2 7
534.00965199999996 534.00965199999996
53.400964999999999 50
67.5 139 398.98300619304916
1 23.796462709189136 54.422922529595184 0 16
2 91.594481173098103 47.405353654712655 0 23
3 6.5528859239813109 1.3167991554874137 0 20
4 25.935401432800763 23.433096104669637 0 27
5 47.026350752244795 83.646145127438871 0 20
6 39.713457702896093 86.10221084253223 0 12
7 63.486065828518846 86.804530714329672 0 21
8 38.99367208872129 1.5146737332727533 0 0
9 77.723468142771296 15.939993976228116 0 0
