10 20
170.38295400000001 170.38295400000001 170.38295400000001 170.38295400000001 170.38295400000001 170.38295400000001 170.38295400000001 170.38295400000001 170.38295400000001 170.38295400000001
17.038295000000002 50
72.5 64 205.49894814321331
1 95.60342718892494 94.782748705934935 0 6
2 9.1584787405073591 36.10574739836072 0 10
3 73.596998906852335 66.973040144022093 0 14
4 25.158329759496567 21.22188106686006 0 6
5 58.120401711200309 15.838287025480557 0 18
6 63.847133810469373 80.36694431529348 0 21
7 94.939547309324354 54.417704742932081 0 19
8 50.20672922450359 90.120779749694705 0 5
9 36.401442784736936 93.184655396986841 0 17
10 42.361096957169067 88.406456653589586 0 10
11 56.051036102649888 23.612340711506207 0 5
12 17.671998087423233 17.35887537650569 0 21
13 51.022384583720118 99.868356819255197 0 26
14 55.989031629147746 99.517767052033193 0 19
15 79.675992142163949 73.440169189397778 0 29
16 36.425552360525451 59.348555917879175 0 16
17 98.097657307212657 96.190093789822569 0 10
18 95.493311996761008 39.986349430047639 0 28
19 46.140669774197761 53.035571612344498 0 20
20 27.910224292302178 49.806543067724299 0 21
21 83.15244897918123 35.392420486871586 0 0
22 88.285091858125313 89.970058875662573 0 0
23 46.101216488163764 56.770507042024434 0 0
24 92.033043919192878 72.377295387201841 0 0
25 48.660855486158503 22.181101099101085 0 0
26 32.4667243768898 69.957163807024358 0 0
27 16.606968549412613 90.794049662609453 0 0
28 26.813751289981635 91.137783586804673 0 0
29 30.956312494946069 95.736171155615807 0 0
30 70.620580636760465 50.42488169833176 0 0
