4 14
350.61129899999997 350.61129899999997 350.61129899999997 350.61129899999997
35.061129999999999 50
65 98 349.10035280468799
1 95.60342718892494 94.782748705934935 0 6
2 9.1584787405073591 36.10574739836072 0 10
3 73.596998906852335 66.973040144022093 0 14
4 25.158329759496567 21.22188106686006 0 6
5 58.120401711200309 15.838287025480557 0 18
6 63.847133810469373 80.36694431529348 0 21
7 94.939547309324354 54.417704742932081 0 19
8 50.20672922450359 90.120779749694705 0 5
9 36.401442784736936 93.184655396986841 0 17
10 42.361096957169067 88.406456653589586 0 10
11 56.051036102649888 23.612340711506207 0 5
12 17.671998087423233 17.35887537650569 0 21
13 51.022384583720118 99.868356819255197 0 26
14 55.989031629147746 99.517767052033193 0 19
15 79.675992142163949 73.440169189397778 0 0
16 90.659364989756099 76.288548383307102 0 0
17 78.974763746176322 35.378697784160352 0 0
18 98.097657307212657 96.190093789822569 0 0
