6 19
327.65916800000002 327.65916800000002 327.65916800000002 327.65916800000002 327.65916800000002 327.65916800000002
32.765917000000002 50
51 90 260.5287209807949
1 13.436424411240122 84.743373693723271 0 29
2 6.310682188770933 11.791870367106105 0 29
3 44.949106478873816 65.159297272276291 0 30
4 20.995480637147711 48.785665652414757 0 17
5 43.276706790505337 76.2280082457942 0 5
6 69.583286676844352 26.633056045725954 0 30
7 22.876222127045263 94.527069555392231 0 15
8 3.0589983033553536 2.54458609934608 0 22
9 0.92049385543849782 88.123385892215538 0 26
10 21.659939713061338 42.211657558271732 0 5
11 52.762941436239821 76.370099513148944 0 20
12 55.285957629296512 34.570041470875246 0 26
13 21.87810373376886 45.960346573773357 0 14
14 92.650662378586603 41.617993889434615 0 22
15 92.21885624698875 10.00002710961272 0 25
16 99.254341217606509 85.994652879528985 0 8
17 74.314666042249783 89.557539464149173 0 27
18 50.079970014423559 96.721027360936247 0 21
19 83.0035693274327 67.030556641407102 0 14
20 28.415936669394814 97.345140488802642 0 0
21 49.936205779163103 94.091347981455783 0 0
22 39.335362306983953 85.32879504153567 0 0
23 48.022697301760289 74.373065529319831 0 0
24 40.428809385235596 66.474352160846735 0 0
25 36.712383142708802 88.273202406645382 0 0
