5 15
263.95336099999997 263.95336099999997 263.95336099999997 263.95336099999997 263.95336099999997
26.395336 50
72.5 113 277.16846437031734
1 23.796462709189136 54.422922529595184 0 16
2 91.594481173098103 47.405353654712655 0 23
3 6.5528859239813109 1.3167991554874137 0 20
4 25.935401432800763 23.433096104669637 0 27
5 47.026350752244795 83.646145127438871 0 20
6 39.713457702896093 86.10221084253223 0 12
7 63.486065828518846 86.804530714329672 0 21
8 38.99367208872129 1.5146737332727533 0 29
9 6.4031438226997306 75.823024628681736 0 23
10 4.2789029339459939 78.007648908355648 0 13
11 47.274908866546681 71.882392406580308 0 17
12 71.412948361120257 92.109866758387454 0 17
13 72.812597305259672 57.690966460571467 0 9
14 87.886666033804161 9.7454309730877213 0 9
15 49.488341224928902 25.798122559100488 0 26
16 43.616186662742926 62.664829086680399 0 0
17 30.102619842550538 50.72429838290595 0 0
18 38.586625884490253 35.091048877018004 0 0
19 58.507410740536351 58.425179297019895 0 0
20 90.420177084777507 68.198213663496659 0 0
