6 40
276.00912499999998 276.00912499999998 276.00912499999998 276.00912499999998 276.00912499999998 276.00912499999998
27.600912000000001 50
120 350 481.27371134056597
1 23.796462709189136 54.422922529595184 0 16
2 91.594481173098103 47.405353654712655 0 23
3 6.5528859239813109 1.3167991554874137 0 20
4 25.935401432800763 23.433096104669637 0 27
5 47.026350752244795 83.646145127438871 0 20
6 39.713457702896093 86.10221084253223 0 12
7 63.486065828518846 86.804530714329672 0 21
8 38.99367208872129 1.5146737332727533 0 29
9 6.4031438226997306 75.823024628681736 0 23
10 4.2789029339459939 78.007648908355648 0 13
11 47.274908866546681 71.882392406580308 0 17
12 71.412948361120257 92.109866758387454 0 17
13 72.812597305259672 57.690966460571467 0 9
14 87.886666033804161 9.7454309730877213 0 9
15 49.488341224928902 25.798122559100488 0 26
16 43.616186662742926 62.664829086680399 0 14
17 42.114851256640982 83.347711999614731 0 23
18 35.091048877018004 58.507410740536351 0 23
19 23.238647657783151 33.676501126574074 0 5
20 85.640056639675564 99.098964486881513 0 26
21 69.55654037229688 69.861587033150741 0 15
22 96.463294730906142 90.469598451223661 0 23
23 10.407580967111151 65.551118709985147 0 25
24 83.160793027335416 57.353235235128473 0 14
25 12.443483668163847 48.200142274754107 0 25
26 98.980601492158129 8.8518093109728362 0 30
27 6.6612015742524067 89.709615819726423 0 5
28 29.389124681906221 76.879188727734459 0 8
29 4.4190061129543379 61.453252853180864 0 6
30 37.780476896793004 58.637509741599956 0 22
31 88.0905307247358 98.063575684333955 0 21
32 23.595155774436105 3.6012838107869372 0 5
33 7.6970704705411901 59.976280879660074 0 6
34 94.889549313027302 97.142865812730889 0 14
35 61.04671229673415 15.619899101356472 0 6
36 97.988627752497067 33.981382335596166 0 16
37 95.865942640845503 89.66596414276016 0 17
38 37.675121769614236 86.989152073914539 0 17
39 64.388871838772687 59.56502384019705 0 22
40 10.257282570098436 97.288334325418802 0 30
41 50.702681594565981 43.119155343093276 0 0
42 72.031125214413834 23.763561946478408 0 0
43 30.10868611741494 97.779731644863531 0 0
44 52.112729328120601 54.843046768686222 0 0
45 1.1457486364219061 41.521034380388201 0 0
46 57.996521379706557 2.0052890304599336 0 0
