5	40			
1615	1845	1781	1975	1753
225	60			
70      250     140
1	41	49	0	10
2	35	17	0	7
3	55	45	0	13
4	55	20	0	19
5	15	30	0	26
6	25	30	0	3
7	20	50	0	5
8	10	43	0	9
9	55	60	0	16
10	30	60	0	16
11	20	65	0	12
12	50	35	0	19
13	30	25	0	23
14	15	10	0	20
15	30	5	0	8
16	10	20	0	19
17	5	30	0	2
18	20	40	0	12
19	15	60	0	17
20	45	65	0	9
21	49	58	0	10
22	27	43	0	9
23	37	31	0	14
24	57	29	0	18
25	63	23	0	2
26	53	12	0	6
27	32	12	0	7
28	36	26	0	18
29	21	24	0	28
30	17	34	0	3
31	12	24	0	13
32	24	58	0	19
33	27	69	0	10
34	15	77	0	9
35	62	77	0	20
36	49	73	0	25
37	67	5	0	25
38	56	39	0	36
39	37	47	0	6
40	37	56	0	5
41      15	35	0	0
42      55	35	0	0
43      35	20	0	0
44      35	50	0	0
45      25	45	0	0
