9 29
169.14203599999999 169.14203599999999 169.14203599999999 169.14203599999999 169.14203599999999 169.14203599999999 169.14203599999999 169.14203599999999 169.14203599999999
16.914204000000002 50
75 129 187.63564060591284
1 13.436424411240122 84.743373693723271 0 29
2 6.310682188770933 11.791870367106105 0 29
3 44.949106478873816 65.159297272276291 0 30
4 20.995480637147711 48.785665652414757 0 17
5 43.276706790505337 76.2280082457942 0 5
6 69.583286676844352 26.633056045725954 0 30
7 22.876222127045263 94.527069555392231 0 15
8 3.0589983033553536 2.54458609934608 0 22
9 0.92049385543849782 88.123385892215538 0 26
10 21.659939713061338 42.211657558271732 0 5
11 52.762941436239821 76.370099513148944 0 20
12 55.285957629296512 34.570041470875246 0 26
13 21.87810373376886 45.960346573773357 0 14
14 92.650662378586603 41.617993889434615 0 22
15 92.21885624698875 10.00002710961272 0 25
16 99.254341217606509 85.994652879528985 0 8
17 74.314666042249783 89.557539464149173 0 27
18 50.079970014423559 96.721027360936247 0 21
19 83.0035693274327 67.030556641407102 0 14
20 28.415936669394814 97.345140488802642 0 20
21 84.619741842831274 50.528382057960044 0 23
22 85.32879504153567 48.022697301760289 0 28
23 79.740424755430283 41.431399930077426 0 10
24 36.712383142708802 88.273202406645382 0 29
25 67.448583050232727 37.47030205016403 0 19
26 66.375780484398078 10.793126209409987 0 10
27 52.093841761314522 39.325509496422605 0 20
28 73.276580892186587 46.93201411030239 0 14
29 70.338208860383602 98.318771730967399 0 23
30 57.817590529918427 64.715616531930266 0 0
31 16.859429703830596 22.693734602687233 0 0
32 1.2301584858619652 19.95163674624073 0 0
33 92.008643493272189 54.833846712243648 0 0
34 40.445486838945484 34.382589125981468 0 0
35 84.746098948862254 35.327416255423216 0 0
36 90.975501588940219 65.921481361982444 0 0
37 60.894482550856679 72.940018032274494 0 0
38 38.368963289003986 85.694912687306029 0 0
