8 50
177.65625600000001 177.65625600000001 177.65625600000001 177.65625600000001 177.65625600000001 177.65625600000001 177.65625600000001 177.65625600000001
17.765626000000001 50
51 168 134.9998755562477
1 13.436424411240122 84.743373693723271 0 29
2 6.310682188770933 11.791870367106105 0 29
3 44.949106478873816 65.159297272276291 0 30
4 20.995480637147711 48.785665652414757 0 17
5 43.276706790505337 76.2280082457942 0 5
6 69.583286676844352 26.633056045725954 0 30
7 22.876222127045263 94.527069555392231 0 15
8 3.0589983033553536 2.54458609934608 0 22
9 0.92049385543849782 88.123385892215538 0 26
10 21.659939713061338 42.211657558271732 0 5
11 52.762941436239821 76.370099513148944 0 20
12 55.285957629296512 34.570041470875246 0 26
13 21.87810373376886 45.960346573773357 0 14
14 92.650662378586603 41.617993889434615 0 22
15 92.21885624698875 10.00002710961272 0 25
16 99.254341217606509 85.994652879528985 0 8
17 74.314666042249783 89.557539464149173 0 27
18 50.079970014423559 96.721027360936247 0 21
19 83.0035693274327 67.030556641407102 0 14
20 28.415936669394814 97.345140488802642 0 20
21 84.619741842831274 50.528382057960044 0 23
22 85.32879504153567 48.022697301760289 0 28
23 79.740424755430283 41.431399930077426 0 10
24 36.712383142708802 88.273202406645382 0 29
25 67.448583050232727 37.47030205016403 0 19
26 66.375780484398078 10.793126209409987 0 10
27 52.093841761314522 39.325509496422605 0 20
28 73.276580892186587 46.93201411030239 0 14
29 70.338208860383602 98.318771730967399 0 23
30 57.817590529918427 64.715616531930266 0 10
31 50.223855843348311 98.207663753853424 0 29
32 19.95163674624073 92.008643493272189 0 22
33 23.217612806301457 51.377166318763699 0 23
34 35.327416255423216 90.975501588940219 0 26
35 54.799630946624887 95.71162814602269 0 5
36 38.368963289003986 85.694912687306029 0 28
37 51.249993450298824 12.924942760674863 0 29
38 56.135786477837904 42.609067968815019 0 6
39 48.110181741424022 36.473604716360065 0 22
40 19.983942017714305 50.472046742886334 0 20
41 81.335150716297306 41.442451883910536 0 5
42 53.847879573784432 62.348945279750509 0 24
43 33.113745196273022 59.985518476348354 0 30
44 22.960503127702392 17.721125893858268 0 23
45 18.078399346030395 9.1601407516292745 0 22
46 79.709756263549622 81.643737056069085 0 13
47 3.2459131194240043 94.357025379772125 0 7
48 8.3234137803897887 1.6690630115559602 0 5
49 75.414528515627069 28.119667805402891 0 13
50 10.948862729435938 62.480208415247631 0 16
51 29.028432123001945 16.747030734736857 0 0
52 25.521611815229349 95.195765173543208 0 0
53 65.665650571073911 64.820280456237427 0 0
54 29.449277709947243 70.262555272878529 0 0
55 49.649365599282838 11.419064569200998 0 0
56 31.200492670057045 34.334247127859797 0 0
57 79.620301118522363 25.842083326549592 0 0
58 25.345814898474885 73.015223078516101 0 0
