9 28
189.71099599999999 189.71099599999999 189.71099599999999 189.71099599999999 189.71099599999999 189.71099599999999 189.71099599999999 189.71099599999999 189.71099599999999
18.9711 50
120 173 400.96834763790105
1 23.796462709189136 54.422922529595184 0 16
2 91.594481173098103 47.405353654712655 0 23
3 6.5528859239813109 1.3167991554874137 0 20
4 25.935401432800763 23.433096104669637 0 27
5 47.026350752244795 83.646145127438871 0 20
6 39.713457702896093 86.10221084253223 0 12
7 63.486065828518846 86.804530714329672 0 21
8 38.99367208872129 1.5146737332727533 0 29
9 6.4031438226997306 75.823024628681736 0 23
10 4.2789029339459939 78.007648908355648 0 13
11 47.274908866546681 71.882392406580308 0 17
12 71.412948361120257 92.109866758387454 0 17
13 72.812597305259672 57.690966460571467 0 9
14 87.886666033804161 9.7454309730877213 0 9
15 49.488341224928902 25.798122559100488 0 26
16 43.616186662742926 62.664829086680399 0 14
17 42.114851256640982 83.347711999614731 0 23
18 35.091048877018004 58.507410740536351 0 23
19 23.238647657783151 33.676501126574074 0 5
20 85.640056639675564 99.098964486881513 0 26
21 69.55654037229688 69.861587033150741 0 15
22 96.463294730906142 90.469598451223661 0 23
23 10.407580967111151 65.551118709985147 0 25
24 83.160793027335416 57.353235235128473 0 14
25 12.443483668163847 48.200142274754107 0 25
26 98.980601492158129 8.8518093109728362 0 30
27 6.6612015742524067 89.709615819726423 0 5
28 29.389124681906221 76.879188727734459 0 8
29 4.4190061129543379 61.453252853180864 0 0
30 4.4940243496036203 71.844047744851622 0 0
31 33.09541460190075 88.0905307247358 0 0
32 98.063575684333955 50.542037364804401 0 0
33 99.850894537577645 30.967005347633901 0 0
34 7.6970704705411901 59.976280879660074 0 0
35 3.1377762175317736 19.73848564284194 0 0
36 40.793613561699082 61.04671229673415 0 0
37 15.619899101356472 4.2435824721204218 0 0
