4 8
303.78815700000001 303.78815700000001 303.78815700000001 303.78815700000001
30.378816 50
49.299999999999997 59 203.78058321355226
1 23.796462709189136 54.422922529595184 0 16
2 91.594481173098103 47.405353654712655 0 23
3 6.5528859239813109 1.3167991554874137 0 20
4 25.935401432800763 23.433096104669637 0 27
5 47.026350752244795 83.646145127438871 0 20
6 39.713457702896093 86.10221084253223 0 12
7 63.486065828518846 86.804530714329672 0 21
8 38.99367208872129 1.5146737332727533 0 29
9 6.4031438226997306 75.823024628681736 0 0
10 59.109958293131761 30.126765951571233 0 0
11 3.1011751469749993 86.552723697894564 0 0
12 47.274908866546681 71.882392406580308 0 0
