8 15
193.001845 193.001845 193.001845 193.001845 193.001845 193.001845 193.001845 193.001845
19.300184000000002 50
49.299999999999997 44 158.43832174259552
1 95.60342718892494 94.782748705934935 0 6
2 9.1584787405073591 36.10574739836072 0 10
3 73.596998906852335 66.973040144022093 0 14
4 25.158329759496567 21.22188106686006 0 6
5 58.120401711200309 15.838287025480557 0 18
6 63.847133810469373 80.36694431529348 0 21
7 94.939547309324354 54.417704742932081 0 19
8 50.20672922450359 90.120779749694705 0 5
9 36.401442784736936 93.184655396986841 0 17
10 42.361096957169067 88.406456653589586 0 10
11 56.051036102649888 23.612340711506207 0 5
12 17.671998087423233 17.35887537650569 0 21
13 51.022384583720118 99.868356819255197 0 26
14 55.989031629147746 99.517767052033193 0 19
15 79.675992142163949 73.440169189397778 0 29
16 36.425552360525451 59.348555917879175 0 0
17 36.188638196123065 85.896681965813741 0 0
18 44.576896102118965 95.493311996761008 0 0
19 39.986349430047639 73.859022156452156 0 0
20 65.491097815599815 24.990176774571772 0 0
21 27.910224292302178 49.806543067724299 0 0
22 51.539220535400865 79.621624465230255 0 0
23 66.168560000397946 45.468878671303827 0 0
