5 15
294.48386099999999 294.48386099999999 294.48386099999999 294.48386099999999 294.48386099999999
29.448385999999999 50
51 88 190.32962531935905
1 13.436424411240122 84.743373693723271 0 29
2 6.310682188770933 11.791870367106105 0 29
3 44.949106478873816 65.159297272276291 0 30
4 20.995480637147711 48.785665652414757 0 17
5 43.276706790505337 76.2280082457942 0 5
6 69.583286676844352 26.633056045725954 0 30
7 22.876222127045263 94.527069555392231 0 15
8 3.0589983033553536 2.54458609934608 0 22
9 0.92049385543849782 88.123385892215538 0 26
10 21.659939713061338 42.211657558271732 0 5
11 52.762941436239821 76.370099513148944 0 20
12 55.285957629296512 34.570041470875246 0 26
13 21.87810373376886 45.960346573773357 0 14
14 92.650662378586603 41.617993889434615 0 22
15 92.21885624698875 10.00002710961272 0 25
16 99.254341217606509 85.994652879528985 0 0
17 12.088995980580641 33.26951853601291 0 0
18 72.148440758326842 71.11917696952797 0 0
19 93.644058679945957 42.210699996141521 0 0
20 83.0035693274327 67.030556641407102 0 0
