8 26
201.25679500000001 201.25679500000001 201.25679500000001 201.25679500000001 201.25679500000001 201.25679500000001 201.25679500000001 201.25679500000001
20.125679000000002 50
51 92 132.89304451884644
1 13.436424411240122 84.743373693723271 0 29
2 6.310682188770933 11.791870367106105 0 29
3 44.949106478873816 65.159297272276291 0 30
4 20.995480637147711 48.785665652414757 0 17
5 43.276706790505337 76.2280082457942 0 5
6 69.583286676844352 26.633056045725954 0 30
7 22.876222127045263 94.527069555392231 0 15
8 3.0589983033553536 2.54458609934608 0 22
9 0.92049385543849782 88.123385892215538 0 26
10 21.659939713061338 42.211657558271732 0 5
11 52.762941436239821 76.370099513148944 0 20
12 55.285957629296512 34.570041470875246 0 26
13 21.87810373376886 45.960346573773357 0 14
14 92.650662378586603 41.617993889434615 0 22
15 92.21885624698875 10.00002710961272 0 25
16 99.254341217606509 85.994652879528985 0 8
17 74.314666042249783 89.557539464149173 0 27
18 50.079970014423559 96.721027360936247 0 21
19 83.0035693274327 67.030556641407102 0 14
20 28.415936669394814 97.345140488802642 0 20
21 84.619741842831274 50.528382057960044 0 23
22 85.32879504153567 48.022697301760289 0 28
23 79.740424755430283 41.431399930077426 0 10
24 36.712383142708802 88.273202406645382 0 29
25 67.448583050232727 37.47030205016403 0 19
26 66.375780484398078 10.793126209409987 0 10
27 52.093841761314522 39.325509496422605 0 0
28 48.969352046225822 2.9574963966907064 0 0
29 4.3487290356527435 70.338208860383602 0 0
30 98.318771730967399 59.31837303800576 0 0
31 39.359968637791397 17.034919685568127 0 0
32 50.223855843348311 98.207663753853424 0 0
33 77.052313983080055 53.961744844977879 0 0
34 86.028977892054954 23.217612806301457 0 0
