3 9
279.679036 279.679036 279.679036
27.967904000000001 50
52.5 77 313.03868362705123
1 95.60342718892494 94.782748705934935 0 6
2 9.1584787405073591 36.10574739836072 0 10
3 73.596998906852335 66.973040144022093 0 14
4 25.158329759496567 21.22188106686006 0 6
5 58.120401711200309 15.838287025480557 0 18
6 63.847133810469373 80.36694431529348 0 21
7 94.939547309324354 54.417704742932081 0 19
8 50.20672922450359 90.120779749694705 0 5
9 36.401442784736936 93.184655396986841 0 17
10 42.361096957169067 88.406456653589586 0 0
11 16.448842406653132 17.743643549176603 0 0
12 23.060267436398618 17.671998087423233 0 0
