3 10
340.38824599999998 340.38824599999998 340.38824599999998
34.038825000000003 50
120 208 578.89275506786441
1 13.436424411240122 84.743373693723271 0 29
2 6.310682188770933 11.791870367106105 0 29
3 44.949106478873816 65.159297272276291 0 30
4 20.995480637147711 48.785665652414757 0 17
5 43.276706790505337 76.2280082457942 0 5
6 69.583286676844352 26.633056045725954 0 30
7 22.876222127045263 94.527069555392231 0 15
8 3.0589983033553536 2.54458609934608 0 22
9 0.92049385543849782 88.123385892215538 0 26
10 21.659939713061338 42.211657558271732 0 5
11 52.762941436239821 76.370099513148944 0 0
12 93.916701894858662 55.285957629296512 0 0
13 34.570041470875246 67.684853984997446 0 0
