4 14
291.27518800000001 291.27518800000001 291.27518800000001 291.27518800000001
29.127518999999999 50
49.299999999999997 90 213.94607851654467
1 23.796462709189136 54.422922529595184 0 16
2 91.594481173098103 47.405353654712655 0 23
3 6.5528859239813109 1.3167991554874137 0 20
4 25.935401432800763 23.433096104669637 0 27
5 47.026350752244795 83.646145127438871 0 20
6 39.713457702896093 86.10221084253223 0 12
7 63.486065828518846 86.804530714329672 0 21
8 38.99367208872129 1.5146737332727533 0 29
9 6.4031438226997306 75.823024628681736 0 23
10 4.2789029339459939 78.007648908355648 0 13
11 47.274908866546681 71.882392406580308 0 17
12 71.412948361120257 92.109866758387454 0 17
13 72.812597305259672 57.690966460571467 0 9
14 87.886666033804161 9.7454309730877213 0 9
15 49.488341224928902 25.798122559100488 0 0
16 67.204123315335707 77.897258569783176 0 0
17 85.52255801932975 42.114851256640982 0 0
18 83.347711999614731 57.402273528956236 0 0
