instance          | n_cust | n_fac | seed | phase1_s | phase2_dp_s | phase2_ip_s | ip_minus_dp_s | ip/dp ratio
------------------+--------+-------+------+----------+-------------+-------------+---------------+------------
synth_n4_f2_s1000 | 4      | 2     | 1000 | 0.0028   | 0.0059      | 0.1194      | +0.1135       | 20.27      
synth_n4_f2_s1001 | 4      | 2     | 1001 | 0.0028   | 0.0060      | 0.1172      | +0.1112       | 19.56      
synth_n5_f2_s1000 | 5      | 2     | 1000 | 0.0074   | 0.0337      | 0.1240      | +0.0904       | 3.68       
synth_n5_f2_s1001 | 5      | 2     | 1001 | 0.0071   | 0.0344      | 0.1302      | +0.0958       | 3.78       
synth_n6_f2_s1000 | 6      | 2     | 1000 | 0.0166   | 0.3321      | 0.1170      | -0.2150       | 0.35       
synth_n6_f2_s1001 | 6      | 2     | 1001 | 0.0160   | 0.3306      | 0.1180      | -0.2127       | 0.36       
synth_n7_f2_s1000 | 7      | 2     | 1000 | 0.0329   | 4.5196      | 0.1292      | -4.3904       | 0.03       
synth_n7_f2_s1001 | 7      | 2     | 1001 | 0.0336   | 4.4446      | 0.1315      | -4.3131       | 0.03       
synth_n8_f2_s1000 | 8      | 2     | 1000 | 0.0604   | 52.9862     | 0.1250      | -52.8612      | 0.00       
synth_n8_f2_s1001 | 8      | 2     | 1001 | 0.0598   | 57.2265     | 0.1231      | -57.1034      | 0.00       
